20230202133420895
20221212184655512
20221230102028622
20221223144955577
20221209171313935
20221128145537627
20221117164719988
20221110104139479
20220704004217456
20220704002621743
20220528173332177
20230205194255496
20221216102838462
20221213140953615
20221213140735850
20221129170903532
20221130143552227
20230108215745379
20230108190329751
20221118154439324
20221117175151804
20221116134459926
20221017105259651
20221111140140222
20221108140746148
20221017100329839
20221017095746473
20221017100255367
20221017094029290
20220928231333549
20220927091952203
20230206173504818
20230202145740720
20230131141331963
20230129154416046
20230110093135432
20221116161359462
20221116153200409
20220907142952994
20220830104626525
20230206135910567
20230201110424188
20221221154235836
20221216191148846
20221216124641483
20221126155551626
20221114104715839
20220616172151109
20220616112117969
20221101112242609
20221026162554884
20221105140605219
20221026155721104
20221024193803586
20221010142925108
20221010142358617
20221220095006231
20230202155009412
20230205153945762
20230205111458336
20230202135716791
20230129165642297
20221228222837325
20221228215346464
20221212111114802
20221212160640930
20221228193130306
20221209174718301
20221209172627990
20230104150019573
20221208231126134
20221208221803060
20221209142227979
20221130103425029
20221209161237977
20221209011717067
20221208230649273
20221208215718972
20221209002048625
20221208204528689
20221020192716392
20221228160509840
20221115190730306
20221111135304608
20221017171215875
20221002181101069
20221014093703466
20220929224452819
20220912222429882
20221020171415528
20221008214052166
20221008213828978
20221008200551340
20220804153236540
20221020143136538
20220927164124602
20220623001034621
20220622234429459
20221010143742744
20220830224824012
20220829203407717
20221024210337088
20220822101047030
20220819173756578
20220529104433893
20220527165501012
20230202182634942
20221121175404289
20220830135424916
20220629144111896
20220629143435584
20220629124855047
20220822200108387
20220822200108404
20221117111439443
20221224194346481
20230117144449170
20221227141831737
20221227172217403
20221207104329923
20221121111831925
20221214124216087
20221010101937509
20221208200225173
20221208184558256
20221205174627929
20221208172611601
20220930105749739
20220926092558722
20220928133025264
20220609144857042
20221031112122705
20220906110114443
20220616171131775
20220616120358714
20220527135641270
20220527134144388
20220909135020273
20220908133832923
20220902133744168
20220831160447018
20230116110515977
20220906133123690
20220906111917518
20220816192522598
20220805191649833
20221223150213834
20221226164442411
20221224012847262
20221013160309941
20220927194210685
20220930114219502
20220928141708047
20220809150402671
20220810105058477
20220810161038265
20220808160642488
20220808154552904
20220805191557904
20220811005100009
20220811005128865
20220804112947276
20220727212749040
20220725155637275
20220725145555518
20220715175525862
20220715180743817
20220715180743837
20220630172325333
20220629141725962
20221012174522226
20221011172338648
20220630173439421
20220629141417419
20220617133448346
20220617092945407
20221124165356702
20220617111832026
20220617092916364
20220617092832289
20220616171704401
20220616125234214
20221027173407708
20220901100617022
20220815150123556
20220815113206370
20220726165113837
20220726152028267
20220713100945733
20230121194407516
20230113111836519
20221218120108982
20221121135711220
20221117165343293
20221111144629046
20221110172316147
20221021163538081
20221210181803587
20221209104547808
20221123190624187
20221011174640713
20221011155002277
20220909151326554
20220815152719045
20220812153701146
20220712182742426
20220712182742391
20220712182742408
20220726163823335
20220726150155664
20220712164404698
20220711114436356
20220831135742507
20220930111817081
20220531213909165
20220531213448545
20220523234900872
20220523234900888
20230203162715515
20230203142644109
20230131165335357
20230131160550143
20220820150605115
20220820143735387
20220801001554663
20220603000338170
20220626175957770